255 255 255 255 255 255 255 255 255 255 255 255 255 255 255 255
255 230 175 175 175 240 230 175 209 255 240 175 175 175 230 255
255 175 246 207 252 207 113 123 235 255 207 252 207 246 175 255
255 175 207   0 239 207 244 118 111  16 207 239   0 207 175 255
255 175 252 239 254 207 244  14 107 180 207 254 239 252 175 255
255 240 207 207 207 246 175 107 111 175 246 207 207 207 240 255
255 175  15   0 239  98  80 146 220  80  98  80  80  80 230 255
255 210 137 138   0 137  88  21 224  11 137 117  50 148 175 255
255 175  70 134   0 140 119 146 112  46 227 208 137  56 209 255
255 175 255  80   5  98 175 109 109 175   0  11  86 142 200 255
255 240 207 207 207 246  48 228 120 175 246 239 239  48 240 255
255 175 252 239 254 207 250 145 145   0 239 224 239  48 180 255
255 175 207   0 239 207  11   7 107 164   0 239 254  48 180 255
255 175 246 207 252 207 190   7 206 113  48  45 194   0 175 255
255 230 175 175 175 240 230 220 255 230 190 255 180 255 230 255
255 255 255 255 255 255 255 255 255 255 255 255 255 255 255 255
255 255 255 255 255 255 255 255 255 255 255 255 255 255 255 255
255 230 175 175 175 240 230 175 209 255 240 175 175 175 230 255
255 175 246 207 252 207 113 123 235 255 207 252 207 246 175 255
255 175 207   0 239 207 244 118 111  16 207 239   0 207 175 255
255 175 252 239 254 207 244  14 107 180 207 254 239 252 175 255
255 240 207 207 207 246 175 107 111 175 246 207 207 207 240 255
255 175  15   0 239  98  80 146 220  80  98  80  80  80 230 255
255 210 137 138   0 137  88  21 224  11 137 117  50 148 175 255
255 175  70 134   0 140 119 146 112  46 227 208 137  56 209 255
255 175 255  80   5  98 175 109 109 175   0  11  86 142 200 255
255 240 207 207 207 246  48 228 120 175 246 239 239  48 240 255
255 175 252 239 254 207 250 145 145   0 239 224 239  48 180 255
255 175 207   0 239 207  11   7 107 164   0 239 254  48 180 255
255 175 246 207 252 207 190   7 206 113  48  45 194   0 175 255
255 230 175 175 175 240 230 220 255 230 190 255 180 255 230 255
255 255 255 255 255 255 255 255 255 255 255 255 255 255 255 255
255 255 255 255 255 255 255 255 255 255 255 255 255 255 255 255
255 230 175 175 175 240 230 175 209 255 240 175 175 175 230 255
255 175 246 207 252 207 113 123 235 255 207 252 207 246 175 255
255 175 207   0 239 207 244 118 111  16 207 239   0 207 175 255
255 175 252 239 254 207 244  14 107 180 207 254 239 252 175 255
255 240 207 207 207 246 175 107 111 175 246 207 207 207 240 255
255 175  15   0 239  98  80 146 220  80  98  80  80  80 230 255
255 210 137 138   0 137  88  21 224  11 137 117  50 148 175 255
255 175  70 134   0 140 119 146 112  46 227 208 137  56 209 255
255 175 255  80   5  98 175 109 109 175   0  11  86 142 200 255
255 240 207 207 207 246  48 228 120 175 246 239 239  48 240 255
255 175 252 239 254 207 250 145 145   0 239 224 239  48 180 255
255 175 207   0 239 207  11   7 107 164   0 239 254  48 180 255
255 175 246 207 252 207 190   7 206 113  48  45 194   0 175 255
255 230 175 175 175 240 230 220 255 230 190 255 180 255 230 255
255 255 255 255 255 255 255 255 255 255 255 255 255 255 255 255

255 255 255 255 255 255 255 255 255 255 255 255 255 255 255 255
255 230 175 175 175 240 230 175 209 200 240 180 180 175 230 255
255 175 246 207 252 207  80 148  56 142  48  48  48   0 255 255
255 175 207   0 239 207  80  50 137  86 239 239 254 194 180 255
255 175 252 239 254 207  80 117 208  11 239 224 239  45 255 255
255 240 207 207 207 246  98 137 227   0 246 239   0  48 190 255
255 255 255  16 180 175  80  11  46 175 175   0 164 113 230 255
255 209 235 111 107 111 220 224 112 109 120 145 107 206 255 255
255 175 123 118  14 107 146  21 146 109 228 145   7   7 220 255
255 230 113 244 244 175  80  88 119 175  48 250  11 190 230 255
255 240 207 207 207 246  98 137 140  98 246 207 207 207 240 255
255 175 252 239 254 207 239   0   0   5 207 254 239 252 175 255
255 175 207   0 239 207   0 138 134  80 207 239   0 207 175 255
255 175 246 207 252 207  15 137  70 255 207 252 207 246 175 255
255 230 175 175 175 240 175 210 175 175 240 175 175 175 230 255
255 255 255 255 255 255 255 255 255 255 255 255 255 255 255 255
255 255 255 255 255 255 255 255 255 255 255 255 255 255 255 255
255 230 175 175 175 240 230 175 209 200 240 180 180 175 230 255
255 175 246 207 252 207  80 148  56 142  48  48  48   0 255 255
255 175 207   0 239 207  80  50 137  86 239 239 254 194 180 255
255 175 252 239 254 207  80 117 208  11 239 224 239  45 255 255
255 240 207 207 207 246  98 137 227   0 246 239   0  48 190 255
255 255 255  16 180 175  80  11  46 175 175   0 164 113 230 255
255 209 235 111 107 111 220 224 112 109 120 145 107 206 255 255
255 175 123 118  14 107 146  21 146 109 228 145   7   7 220 255
255 230 113 244 244 175  80  88 119 175  48 250  11 190 230 255
255 240 207 207 207 246  98 137 140  98 246 207 207 207 240 255
255 175 252 239 254 207 239   0   0   5 207 254 239 252 175 255
255 175 207   0 239 207   0 138 134  80 207 239   0 207 175 255
255 175 246 207 252 207  15 137  70 255 207 252 207 246 175 255
255 230 175 175 175 240 175 210 175 175 240 175 175 175 230 255
255 255 255 255 255 255 255 255 255 255 255 255 255 255 255 255
255 255 255 255 255 255 255 255 255 255 255 255 255 255 255 255
255 230 175 175 175 240 230 175 209 200 240 180 180 175 230 255
255 175 246 207 252 207  80 148  56 142  48  48  48   0 255 255
255 175 207   0 239 207  80  50 137  86 239 239 254 194 180 255
255 175 252 239 254 207  80 117 208  11 239 224 239  45 255 255
255 240 207 207 207 246  98 137 227   0 246 239   0  48 190 255
255 255 255  16 180 175  80  11  46 175 175   0 164 113 230 255
255 209 235 111 107 111 220 224 112 109 120 145 107 206 255 255
255 175 123 118  14 107 146  21 146 109 228 145   7   7 220 255
255 230 113 244 244 175  80  88 119 175  48 250  11 190 230 255
255 240 207 207 207 246  98 137 140  98 246 207 207 207 240 255
255 175 252 239 254 207 239   0   0   5 207 254 239 252 175 255
255 175 207   0 239 207   0 138 134  80 207 239   0 207 175 255
255 175 246 207 252 207  15 137  70 255 207 252 207 246 175 255
255 230 175 175 175 240 175 210 175 175 240 175 175 175 230 255
255 255 255 255 255 255 255 255 255 255 255 255 255 255 255 255

255 255 255 255 255 255 255 255 255 255 255 255 255 255 255 255
255 205 238 166 240 150 232 250 213 194 201 148 150 150 213 255
255 136   7 142  88 133 167 158  20 140 163 205 165 232 173 255
255 154  90 246 174   1 106 125  12  36 141 185   1 192 173 255
255 144 116 210 232 161  88 107 114 251 204 178 197 209 171 255
255 228  40 210 175 122 168  88 174 133 177 155 219 219 219 255
255 162  83  61  66 111 111  97 134  98  93  24  46 191 170 255
255 192 124 183 166 204  46 197 140 166 148  18 192 103 166 255
255 143 126  96 115 139  97 195  32  64 144  18 120 173 191 255
255 195 124  60  74 100  96 220  99 114  94 146  74  11 189 255
255 208 219 219 206 189 153 103 143 105 187 200 146 164 216 255
255 148 207 197 175 157 131 125  30 169 197 178 197 209 171 255
255 150 165   2 210 162  97  58  79 239 208 185   0 192 173 255
255 150 227 179 210 229 251 215 151  95 208 206 178 236 173 255
255 206 161 161 159 245 222 207 158 198 211 159 161 161 217 255
255 255 255 255 255 255 255 255 255 255 255 255 255 255 255 255
255 255 255 255 255 255 255 255 255 255 255 255 255 255 255 255
255 205 238 166 240 150 232 250 213 194 201 148 150 150 213 255
255 136   7 142  88 133 167 158  20 140 163 205 165 232 173 255
255 154  90 246 174   1 106 125  12  36 141 185   1 192 173 255
255 144 116 210 232 161  88 107 114 251 204 178 197 209 171 255
255 228  40 210 175 122 168  88 174 133 177 155 219 219 219 255
255 162  83  61  66 111 111  97 134  98  93  24  46 191 170 255
255 192 124 183 166 204  46 197 140 166 148  18 192 103 166 255
255 143 126  96 115 139  97 195  32  64 144  18 120 173 191 255
255 195 124  60  74 100  96 220  99 114  94 146  74  11 189 255
255 208 219 219 206 189 153 103 143 105 187 200 146 164 216 255
255 148 207 197 175 157 131 125  30 169 197 178 197 209 171 255
255 150 165   2 210 162  97  58  79 239 208 185   0 192 173 255
255 150 227 179 210 229 251 215 151  95 208 206 178 236 173 255
255 206 161 161 159 245 222 207 158 198 211 159 161 161 217 255
255 255 255 255 255 255 255 255 255 255 255 255 255 255 255 255
255 255 255 255 255 255 255 255 255 255 255 255 255 255 255 255
255 205 238 166 240 150 232 250 213 194 201 148 150 150 213 255
255 136   7 142  88 133 167 158  20 140 163 205 165 232 173 255
255 154  90 246 174   1 106 125  12  36 141 185   1 192 173 255
255 144 116 210 232 161  88 107 114 251 204 178 197 209 171 255
255 228  40 210 175 122 168  88 174 133 177 155 219 219 219 255
255 162  83  61  66 111 111  97 134  98  93  24  46 191 170 255
255 192 124 183 166 204  46 197 140 166 148  18 192 103 166 255
255 143 126  96 115 139  97 195  32  64 144  18 120 173 191 255
255 195 124  60  74 100  96 220  99 114  94 146  74  11 189 255
255 208 219 219 206 189 153 103 143 105 187 200 146 164 216 255
255 148 207 197 175 157 131 125  30 169 197 178 197 209 171 255
255 150 165   2 210 162  97  58  79 239 208 185   0 192 173 255
255 150 227 179 210 229 251 215 151  95 208 206 178 236 173 255
255 206 161 161 159 245 222 207 158 198 211 159 161 161 217 255
255 255 255 255 255 255 255 255 255 255 255 255 255 255 255 255

255 255 255 255 255 255 255 255 255 255 255 255 255 255 255 255
255 212 162 162 160 214 158 153 180 179 210 160 162 162 212 255
255 162 232 179 208 220 194 105 176  15 168 208 179 232 162 255
255 162 179   2 198 220  46 174 113  71 147 198   2 179 162 255
255 160 208 198 177 151  23  20  20 157 203 177 198 208 160 255
255 210 168 147 216 177  91 148 152  94 188 208 220 220 214 255
255 202 138  26 252 140 102 162  64 112 104 164 239  87 199 255
255 222  20   7 112 171 136 144  36 101 146  30  72 160 159 255
255 252 167 126 107  91  96 186 203 222 106 126  65 216 208 255
255 232 163 112  83 160 117  46  94  97 151 130  91 251 225 255
255 166 122   1 165 125 105 201 142 105 188 151 156 218 241 255
255 243  71 188 219 165  70 167 122  78 208 177 198 208 160 255
255 171 162 251 225 225  57 183  93  56 220 198   2 179 162 255
255 241   5  76 105  39  90 109 127 125 220 208 179 232 162 255
255 216 150 161 157 232 173 199 156 202 214 160 162 162 212 255
255 255 255 255 255 255 255 255 255 255 255 255 255 255 255 255
255 255 255 255 255 255 255 255 255 255 255 255 255 255 255 255
255 212 162 162 160 214 158 153 180 179 210 160 162 162 212 255
255 162 232 179 208 220 194 105 176  15 168 208 179 232 162 255
255 162 179   2 198 220  46 174 113  71 147 198   2 179 162 255
255 160 208 198 177 151  23  20  20 157 203 177 198 208 160 255
255 210 168 147 216 177  91 148 152  94 188 208 220 220 214 255
255 202 138  26 252 140 102 162  64 112 104 164 239  87 199 255
255 222  20   7 112 171 136 144  36 101 146  30  72 160 159 255
255 252 167 126 107  91  96 186 203 222 106 126  65 216 208 255
255 232 163 112  83 160 117  46  94  97 151 130  91 251 225 255
255 166 122   1 165 125 105 201 142 105 188 151 156 218 241 255
255 243  71 188 219 165  70 167 122  78 208 177 198 208 160 255
255 171 162 251 225 225  57 183  93  56 220 198   2 179 162 255
255 241   5  76 105  39  90 109 127 125 220 208 179 232 162 255
255 216 150 161 157 232 173 199 156 202 214 160 162 162 212 255
255 255 255 255 255 255 255 255 255 255 255 255 255 255 255 255
255 255 255 255 255 255 255 255 255 255 255 255 255 255 255 255
255 212 162 162 160 214 158 153 180 179 210 160 162 162 212 255
255 162 232 179 208 220 194 105 176  15 168 208 179 232 162 255
255 162 179   2 198 220  46 174 113  71 147 198   2 179 162 255
255 160 208 198 177 151  23  20  20 157 203 177 198 208 160 255
255 210 168 147 216 177  91 148 152  94 188 208 220 220 214 255
255 202 138  26 252 140 102 162  64 112 104 164 239  87 199 255
255 222  20   7 112 171 136 144  36 101 146  30  72 160 159 255
255 252 167 126 107  91  96 186 203 222 106 126  65 216 208 255
255 232 163 112  83 160 117  46  94  97 151 130  91 251 225 255
255 166 122   1 165 125 105 201 142 105 188 151 156 218 241 255
255 243  71 188 219 165  70 167 122  78 208 177 198 208 160 255
255 171 162 251 225 225  57 183  93  56 220 198   2 179 162 255
255 241   5  76 105  39  90 109 127 125 220 208 179 232 162 255
255 216 150 161 157 232 173 199 156 202 214 160 162 162 212 255
255 255 255 255 255 255 255 255 255 255 255 255 255 255 255 255
